9500
30547
7941
7361
29084
27306
28498
3648
19350
2958
6274
6766
20452
15209
31794
16613
6490
32149
20789
10781
30969
25288
25440
19925
4252
31468
20542
12471
18763
1970
20050
7400
28710
28521
29000
12546
8059
23854
10796
13396
11857
28152
26548
32732
521
9492
28318
24300
5133
31789
28903
31132
32062
7038
10769
29814
6411
8709
10182
28548
29411
14856
30387
7374
7916
9366
13337
30648
26044
8713
8421
13936
10416
21328
13711
18270
6640
193
15684
16229
10630
22625
1879
8090
8080
29485
9364
14550
19453
575
6089
12022
19646
9413
17790
10435
17763
6185
20119
19886
1368
7692
25678
844
15086
10897
23270
27275
31138
16036
18535
454
13949
30451
4699
15194
12069
17624
31907
28631
23509
23204
2726
18686
24589
18986
11625
2719
9847
7720
323
6862
30235
14315
22957
16847
11813
8231
702
10866
21529
21342
25624
7410
6100
15410
11261
3204
27797
27805
28296
30563
8632
29785
9721
10809
21017
11499
17065
12735
13301
22267
12477
6050
15878
14780
4110
11935
1435
23371
25412
11728
22167
31857
6637
13362
7354
17608
31176
1215
26739
8853
589
24271
12197
15871
25015
4928
8143
9000
14625
19205
28693
6527
3005
19786
29456
20259
9358
8663
32240
22247
3387
25775
31273
21193
14513
6449
4450
5929
11769
4748
18640
11108
20389
3519
20805
13978
547
31327
6619
19045
1262
20008
25929
22266
28332
13076
2266
30589
21590
7368
16332
8651
28077
9703
3210
32174
28473
13490
15829
11119
10508
11449
30712
2996
7715
25136
31182
4193
29594
23739
8386
31883
23092
25152
4167
22
18980
12013
1137
29467
13260
24551
1945
31422
4453
18933
7327
19097
14562
20824
15001
20660
13421
8162
156
13330
20843
9050
15361
14523
22341
13814
27424
13906
2350
27204
27937
25430
26345
4281
3443
6220
18165
17927
12000
15516
19306
31117
25792
8001
5962
13862
12419
3921
19581
20586
15671
5006
6729
269
22319
30542
21479
9029
9401
11618
19665
28842
25478
11887
8666
19053
27195
1303
24405
2186
22632
13932
14979
16864
12069
23617
388
12129
12158
15679
5222
96
26832
24130
4186
17254
2003
29351
31460
19917
532
6487
19897
30733
15191
29439
29481
23453
31388
18728
3523
14603
8923
12296
5500
9686
13647
12288
3579
5451
3188
22030
19979
28625
19862
21289
23625
31530
10872
21909
1634
15990
2954
22379
1965
11377
20813
16441
11415
12467
31121
28949
14088
19698
20079
9179
21347
25568
20180
3156
8294
17624
26214
24080
9152
22125
21316
22162
11794
25647
31934
29514
18166
6296
18978
23218
2438
3033
6038
20132
17467
11584
27288
32027
12305
31494
28738
13346
18533
15378
5175
21843
23785
1706
13339
7225
8047
3576
23608
560
20035
27277
8439
25306
11306
5898
21903
18285
6351
31221
31593
1017
28172
2230
5999
13961
32569
16789
16929
14360
26364
304
21390
20605
4405
24211
18452
15017
31594
7015
13011
30177
18056
10452
7548
27488
15843
16445
11034
24228
9250
2533
24298
5015
23623
31825
558
30236
25236
16397
15662
29283
6865
27403
26892
15358
27765
17968
14061
18717
25935
21827
28457
6240
2863
23140
14910
28633
12588
29038
2561
4600
1976
27415
29408
27943
27661
32264
584
6962
17586
16275
28949
18179
29227
946
21857
11614
20225
2345
11347
12759
24868
13930
15231
27476
5555
15418
14870
17528
19141
7242
5507
9524
19347
30624
1033
4216
21641
6823
30464
18179
24441
8869
18367
842
3769
28024
13096
13633
23900
6105
17992
16062
22748
9365
24667
8844
19475
18267
28351
28863
15309
12525
18003
10577
16185
21737
22311
3903
11989
21358
5019
29028
7119
2375
20956
29783
14039
1763
26521
17691
14894
30551
15216
4696
31284
3065
9768
15610
5039
2378
7335
29248
4831
11531
2551
24961
32062
19339
16764
20787
19047
21831
19625
3806
23374
15103
674
9261
9113
20549
8800
9258
1774
14170
4988
32388
19198
13280
27679
10988
13794
25666
31287
26506
24592
1668
2939
32626
22883
4311
23464
17634
2188
24480
21591
18833
877
11651
8835
6168
29077
5193
6388
1206
28301
6003
11437
15931
16975
4826
403
5618
3497
3540
4988
27932
3828
24995
26170
16534
167
12552
22294
1109
15120
23013
7544
31876
259
7722
5741
10407
10184
29496
9012
24770
11498
29045
30656
1261
16379
8799
11567
1572
22187
11756
5180
11974
26939
23742
30888
2501
15549
27311
12872
18081
10014
17640
7898
12103
2880
23915
29294
22878
26649
28035
20998
21037
16435
218
3690
2558
17459
13415
31779
13384
8703
10273
24189
4319
21461
252
28473
21107
9401
18776
22553
2265
7997
11914
6436
18011
8694
17143
2910
7412
2693
27428
10819
18856
25264
27162
28197
3851
28542
3098
9798
24644
12156
13374
5997
5724
9354
714
16003
24637
6597
32721
9645
8100
5000
6822
18348
18944
6385
5891
3390
5727
22293
19895
24843
19298
23191
14335
29987
8818
3707
23559
32267
19657
21482
28289
13444
1675
20368
20702
25537
22295
32129
28759
14918
5709
29475
21437
20031
20145
31882
31438
5274
10523
27240
2938
14594
28896
8341
21278
2470
12763
29458
21105
6768
31627
5701
17900
17100
608
3622
12624
16717
19042
2574
15426
26046
15346
14176
7571
20935
5360
25581
4857
22598
9914
12263
12055
21209
20734
8438
17931
10428
31815
29184
5645
30396
31117
26703
15283
3016
17967
25173
28269
22939
31317
11111
5962
13263
31955
8848
23993
18062
25252
6865
22889
16139
9955
22535
25540
10142
16118
13590
22635
13241
25784
10498
1775
30039
27594
19705
10312
18831
8458
16490
8143
10622
22475
9862
24740
573
14630
8359
2490
17256
2868
22349
10855
6444
27562
1257
12042
292
4893
2216
1529
20142
18682
19664
14436
1209
16403
31761
32119
14893
14732
18216
20611
3975
11354
26237
17342
12574
22078
22694
18577
31081
8341
16292
32138
13829
24262
21265
20970
13692
1438
791
3013
24188
21505
13727
14035
9402
23160
10707
4657
28445
639
9952
25472
14996
3120
21754
6364
16550
6213
11154
16452
32631
4182
15106
19926
17665
566
22234
10085
5992
20681
998
10305
987
17393
11193
22494
32008
20725
22944
18580
10377
5391
13016
11870
21608
10143
26234
1780
9775
10393
10594
12597
25431
13577
12063
16296
30725
15496
16946
7691
3151
28770
27673
31576
31745
22164
19602
22660
27808
17189
32332
29969
32059
22415
11526
6637
28933
22046
28512
11562
17455
4652
20679
31724
29533
6098
6438
21229
1388
10773
8234
23699
3018
9133
21752
15892
22356
32471
30281
21882
4368
32491
13737
14650
19777
14500
22489
1936
9593
32481
4215
14039
14030
25819
5403
17202
10498
5180
15580
25217
18278
13044
29975
30033
15366
31005
5781
27082
3655
10252
2162
10160
20129
19579
24351
2639
6988
23267
5398
8945
12260
25280
18652
8491
26333
22483
767
26546
2152
9549
8870
6418
8629
5082
2390
14548
17130
26586
13894
27239
28163
12874
16609
17025
27323
19984
20289
25303
26856
4906
20810
1993
17419
20243
16319
16681
6464
2481
25990
32144
17640
2041
10136
18794
2560
18213
3548
13379
30905
28492
4117
2658
18859
17237
17046
18874
3813
8526
19571
26836
25248
6341
20205
19869
22906
3588
21126
32530
12181
3111
9120
11041
9331
9665
18189
20553
10155
29137
10601
25244
7617
14945
3015
21390
22556
15706
3845
19574
5018
4875
32387
5349
31788
29179
27927
12840
10824
13251
2543
23157
27212
27099
31239
2514
4387
20559
4542
32328
719
2081
29274
17422
18637
25034
27073
11035
13884
26704
14781
21312
25805
9608
16562
8815
30185
12527
17647
23794
22038
5252
15342
9040
3267
31753
964
1557
4172
16733
6383
9997
5806
6971
795
15570
14469
25839
14066
29903
25156
10155
3295
12122
4473
20337
9915
28373
1494
24614
6535
18491
22526
15494
17596
18797
27565
32575
19938
24054
4852
11079
6411
22542
14154
11061
23518
4523
16274
18401
8979
2930
9512
13690
11277
20484
22508
6744
17560
30637
10169
956
27952
7832
12185
13385
29518
10322
30571
18103
21044
12850
4952
11178
691
1720
28422
15078
28981
11134
9932
19872
24994
10847
8299
11230
16264
12146
14465
19420
7024
31106
227
4662
20540
27091
21907
1034
27633
25247
26116
21272
4245
18548
1825
24065
20263
23837
19020
28404
11622
20071
30428
2058
5042
20929
3903
10420
5462
28542
25613
26635
30084
29971
31860
27906
15468
10180
25866
8863
16034
16155
16283
6720
374
10747
21930
26528
25253
1400
11239
32464
21480
20335
12890
23803
3555
32420
1022
13722
12231
23661
20828
16248
8336
27392
28551
12723
11454
15649
24846
12011
29018
2434
3919
22666
10260
31544
17297
6309
14845
22616
14774
6887
32278
12221
19144
27525
15386
2439
10901
25022
19191
30117
21376
16404
10034
30967
25390
8358
8225
8516
15929
27206
28493
30402
29988
19249
13522
31635
18967
29729
26886
13208
7623
14170
8360
18965
1319
6418
6590
14080
348
5749
762
2811
13740
28075
14845
19148
21802
5224
21605
24956
19633
21485
5963
31101
15750
21791
16976
25386
4381
17659
5587
32503
22029
10657
11254
19564
8478
3248
18901
6977
8431
31005
15287
13308
12400
20928
20198
8233
12125
13012
17816
13351
3318
13018
23798
23685
32215
20933
12854
19664
15995
8536
18302
23838
2422
27870
9590
11073
1113
10333
16551
25381
15554
14545
16603
4946
15420
23681
29099
20665
20498
8292
11878
32149
31129
1215
26954
7725
23070
5643
25088
17505
3038
22325
4598
22214
1771
26810
18437
3325
25743
14195
32106
1767
26905
4735
71
26900
15986
20693
11465
5217
10667
28608
29861
12329
12694
11221
32098
633
32331
16752
17064
25747
17169
12424
23806
32547
5983
13634
15100
14578
29860
465
1792
25344
14697
19943
9104
2823
6631
16257
27083
13846
31683
1424
25331
3947
30827
1997
25234
1833
23995
20309
9258
25630
16197
28419
29371
30290
18794
1451
25769
28537
6722
8441
2948
23092
21957
9761
29948
8429
20303
728
25244
14063
12954
23611
29706
23833
19023
16046
16524
29809
25734
17894
21460
20386
25931
16500
11364
10741
28931
15177
21386
16562
15912
23046
24155
27733
30421
16128
30535
10937
2842
32336
28017
26210
22597
25303
27773
17329
22272
6347
23174
20180
23906
4236
11837
17613
6442
13563
2307
22680
15996
25606
3550
2770
6640
14292
28606
25189
10031
10552
15346
26979
12670
32447
23923
23520
29641
14390
9909
30363
27703
12188
477
1094
19477
14543
25650
22766
16775
11056
3774
7198
9202
11139
17063
16266
10120
4560
16837
17136
26986
2704
15549
16324
14598
5747
6311
10573
8141
820
6629
11505
19170
27941
17540
4295
19863
13075
22117
20912
10814
30638
2562
23846
10276
7800
9719
12127
20850
14675
13779
369
18516
13437
15895
11442
11664
1877
591
24903
10735
16354
17105
20458
20221
5809
2345
14182
17682
31973
26291
6771
14166
8118
10485
2476
18510
6541
12092
16055
15904
19950
25239
19266
7605
10500
4887
7770
27103
28923
8065
30654
7318
25785
30453
8931
2558
10688
9359
31683
6893
2604
29988
18748
12708
16798
12336
28838
31924
15660
23953
2859
28351
7069
3299
16042
21207
31642
31996
24561
32145
29216
26528
2923
16356
23724
19413
24553
1327
2038
27575
25982
1820
5971
4773
27259
25311
15424
25035
11900
4732
16544
26231
20029
14424
16995
6601
1043
17977
32725
17681
2324
23548
22129
29182
899
14694
8110
490
24318
17148
26699
24857
23106
29115
29109
19423
24253
5303
18145
6424
10785
14839
11331
15079
14178
22721
6931
16608
20988
21004
25418
16220
29126
17784
4766
7502
5499
24910
1571
5587
10235
3028
10431
13013
5023
29024
6547
21498
31666
14872
9446
13488
25865
27190
15235
19717
14724
17995
6576
6507
3873
31118
9142
21536
15979
16421
28357
4667
14607
20756
20183
15423
2554
11994
16877
28127
27072
32508
12058
6585
1331
1589
19857
13149
20462
12321
3648
18589
30215
5942
2695
21510
30866
6090
2093
31469
7551
17948
31795
12790
27562
8817
23163
32342
25535
14663
10046
11431
15250
7217
12552
17289
11043
10970
2041
11244
13834
862
17971
2112
21467
1139
17317
21241
4926
5046
27738
26136
26994
29827
31979
31102
1705
31977
24623
29607
13244
10197
26340
17930
24388
12588
2068
4835
12345
4580
23065
18502
17417
31962
28716
13901
6372
17723
20419
18313
10563
13543
23476
23692
12527
30153
14072
9087
4957
30410
8471
10633
5396
9085
7077
12227
29127
28896
9280
11165
3345
31663
29249
15486
15858
31712
24819
12834
29702
3975
3462
32385
9393
11246
27118
21677
28277
8015
8724
6315
15445
13829
14543
24950
15239
31254
25031
4189
7934
26279
11809
11870
27856
31610
20089
4832
3491
26864
15443
18532
15546
11055
20619
1258
24457
24682
97
10503
10113
14054
0
14452
5884
17039
27399
30010
413
2962
17280
11215
31807
25903
16323
20755
828
1662
1083
4040
16584
18699
9008
23402
16700
1924
12184
21498
32420
5733
25163
27624
4096
18671
25431
15204
19031
17900
22832
9264
5122
19387
14949
31975
21851
4384
3519
21582
28002
24419
6792
31260
26496
17585
29223
12455
28321
16136
23305
2071
21378
19470
22503
13431
19065
7302
24944
21725
7092
28809
23063
17124
13323
28913
2292
32746
32694
19571
15236
30203
29424
16226
30996
16979
4599
18251
12400
13368
4767
16960
9222
15875
2123
20520
17273
3206
27822
27806
20555
14495
9031
21562
32303
3898
20690
13137
22887
6520
19879
15874
20545
254
22892
27312
8241
20147
26553
23380
13002
4370
23891
13397
30705
10923
29301
5933
16275
27028
6725
21380
9199
23189
4298
6750
22806
24147
19821
30961
15633
23050
28142
22558
15937
28632
28436
13681
16575
25580
22160
18560
1140
12954
29661
24623
22979
22233
30672
17450
21140
17208
15368
4117
1725
9966
4754
28453
14232
32138
6749
8033
29400
7442
25557
612
7090
32599
23691
21456
22727
12489
32625
7863
11729
5871
25424
15990
31602
13004
16543
22091
6446
23051
17353
24246
12245
3518
2804
21551
10601
27676
24145
20217
30469
13673
9741
21314
15411
1457
25577
9256
4366
1264
27918
30167
17331
18763
11139
23541
307
4708
5992
22331
6981
4048
17249
26949
29689
10633
3720
17900
18992
20837
23666
25054
26201
9206
7234
26657
10585
18586
9648
146
10885
8886
8981
26409
3308
3521
19606
19555
9052
10768
10360
7802
6020
5845
16369
14428
19231
1148
2369
23781
24009
25852
10369
29591
30803
16669
6683
524
9984
7004
25596
24409
3499
3924
1379
31209
26849
19123
21387
31527
27756
965
14123
11384
13626
19418
12025
31403
11531
23479
10477
15033
224
10226
12568
25118
28723
28846
610
11139
19795
16560
8557
7265
579
21537
29353
21975
21644
29892
4133
15701
26362
18029
21899
28239
20132
11288
11309
25866
5846
31039
26096
15667
6505
31345
27789
27062
29077
3563
4613
13414
22395
29971
21117
15420
21427
17673
3416
20718
22815
16131
13497
1647
11219
30714
28475
16866
5107
27598
18120
16329
19892
15255
2324
14547
22904
4710
13363
10433
25561
24541
19352
7192
3085
27382
6242
160
13345
2928
8630
26819
11384
10050
5459
22778
20434
12452
3661
7718
374
17667
2783
2083
32304
7663
24172
14505
4621
24733
4799
1307
24847
30311
901
26322
559
11911
19129
30321
9092
24450
10945
8124
14579
13251
31036
7695
13138
1527
25854
15238
32579
10168
20516
17216
26519
14137
11895
9298
15409
23631
3547
767
21353
22562
26046
17132
23751
25484
19520
13768
1650
28214
21668
9218
14580
27635
29546
4501
2845
31489
6874
6473
16914
1497
18044
5142
28627
9099
16799
31027
11602
16060
29476
26452
27287
15625
28714
7298
29748
9129
1010
23949
11959
8682
14474
5790
4358
27256
6103
31794
24398
21569
8976
15876
11870
14968
26090
5859
19739
31278
15199
11082
18905
25957
7054
16362
26458
8023
13139
12957
9722
1266
18742
6989
13700
8418
4288
32536
22632
19262
11093
514
31217
24740
28166
4766
29338
31948
26756
23269
12082
17044
22102
22058
11467
2114
31431
16997
8693
7420
16098
7485
21486
20678
19248
3737
314
23008
21392
18146
26096
6497
21964
704
14308
4424
11297
29077
9707
4210
30633
21212
11593
26599
13906
28121
2777
22039
13911
10337
8754
19228
23715
10175
10512
9143
7754
11851
23551
6334
14214
6989
12892
21292
15168
10739
13380
14041
1766
7671
26555
19759
1999
30967
22693
121
10009
3116
29683
8371
4862
32323
14226
11696
16542
25653
4825
11369
20248
2486
13950
15673
8394
21817
24830
3081
17129
31441
23580
32519
30161
15532
25234
4473
17012
10150
23255
740
728
1654
25296
7962
14183
1562
20307
5446
698
15884
25047
5707
29485
13492
27992
749
28978
25225
26961
5859
17901
7314
1327
6314
7672
16766
1524
2487
9506
9858
27577
24192
25168
8530
13514
27919
9517
2752
6255
30625
18635
15985
4683
18918
15550
8404
24484
16654
14022
17760
17928
1205
12062
11206
5755
7159
7515
28527
6365
4471
24170
9455
6035
30381
7277
22653
21672
13698
16294
30855
6054
21306
21857
30833
26810
21770
18565
20722
1648
26962
21218
6976
21966
4530
2942
15756
31676
18859
15019
3701
28075
5527
13825
8427
792
20555
10403
10719
15201
10016
24646
22927
23264
1775
21831
23334
30861
9828
9625
1030
24451
27051
2756
31797
18021
26057
10147
29390
3557
31519
1582
22665
22849
29877
23694
10057
21724
29052
24420
24246
17936
2046
23700
18441
31499
25163
23066
9958
6435
6138
19394
628
13838
7673
4840
28163
19963
28476
7494
7102
31462
24441
10506
1136
9793
7215
31973
26122
21456
7996
14941
24875
14
19972
16601
12844
15140
4619
27290
32605
27509
1781
25484
17461
5627
17682
29506
17706
1279
22174
18340
4966
18134
18519
1556
18286
19120
7185
18126
7245
11157
1505
17515
3287
5308
28562
2787
5878
18650
11622
16632
13155
21701
1034
27143
17475
19360
20559
17829
11600
6570
3368
5317
15205
2997
25610
6910
18998
26767
10992
8472
30643
26058
21277
25181
4428
27403
22254
24227
15751
10465
28390
29926
1200
2509
15474
6688
27387
19022
9099
22012
19135
25817
416
30356
12179
2019
2657
8357
25904
31819
30664
7617
14536
857
31165
7343
21300
14402
15306
202
10237
9300
23279
15144
27487
20991
446
13079
18967
25677
12842
2733
3339
5810
15763
7432
9793
20753
3888
23375
23348
3015
24554
11092
20531
831
26673
7656
16094
15189
31578
11196
25301
12210
5910
26604
29725
15047
180
26060
21053
17012
6020
5310
7971
105
9875
7056
17773
20896
9822
14940
15786
9870
31355
30997
3968
17973
28828
28419
23934
10593
24272
21676
3965
30675
28157
10670
202
7056
13960
21980
14700
10764
7633
12390
13220
7458
32228
21795
6681
4778
9034
7733
25107
643
4248
15207
15353
12502
32432
29658
11251
2625
31030
29411
23429
19764
16155
17153
16803
25568
17297
11420
24185
12879
14113
6412
13229
28772
10
28141
969
16509
8590
7898
17652
9914
16967
5424
23451
21369
26442
30001
8442
12663
7360
7998
16588
19796
6955
20402
24210
27491
21672
2311
22719
1405
9316
21424
108
31844
16689
6120
15178
19862
29023
20893
16630
9911
28278
13795
8504
9578
29621
17312
93
6360
24729
31918
22166
21239
13322
19394
21310
14450
26940
11237
4518
23582
26129
12163
492
22546
14531
25731
4286
622
24042
26042
17700
28258
479
12512
29413
15165
29729
27064
2783
29149
3656
19461
6335
27209
11946
21977
29839
10210
6837
6753
5982
22350
1895
8000
31129
29690
24525
21203
14489
3797
5567
31467
7159
19011
14632
15389
16533
20556
25918
3284
2447
23637
3423
9585
26711
387
24254
25000
1654
31182
1154
18841
2235
20572
9160
22782
14090
20214
12325
8929
573
16677
14838
27161
12755
22976
27924
30654
8276
11260
20528
8129
957
18895
2994
28978
24282
878
2045
20681
23112
23220
5328
12114
1949
8062
18195
28727
338
22457
3486
17392
25325
3227
21275
14572
18697
7893
22234
13870
9371
3240
10828
11816
6908
25172
11411
2082
7860
31872
23842
4018
16296
3207
5995
16833
8571
12265
6275
29322
106
27705
25384
8823
21760
17703
8200
13102
13345
2536
8966
8308
17367
7811
19562
26574
10431
13602
29523
8007
11246
27004
8479
12262
19790
23514
31943
19121
200
27401
24830
6231
10909
26715
25488
16553
20155
12126
30941
20105
9395
8169
7222
19690
23135
25336
19961
21038
32681
30327
23258
18479
11053
15527
8070
15999
22705
3554
19490
5209
10145
4945
21742
4960
19674
8293
2285
17199
32130
13596
28401
22989
30731
15113
2118
32521
21019
8558
5072
26911
5510
23129
21230
24765
17181
22899
16953
31354
9318
31745
23573
8743
32347
22035
17950
31079
12377
21663
24199
18170
5340
18236
32650
26519
2328
23119
14309
30307
14867
4343
27985
10674
15910
28195
5560
6487
32059
23687
25532
162
25809
6497
29743
22745
22992
14816
23194
4536
6766
25369
22090
26790
11643
7528
14231
15233
20630
299
1851
26514
21209
32070
16083
26662
18722
11415
10636
20919
3468
6860
3614
826
10962
28788
30299
31912
16645
3303
20129
30164
31632
22617
32685
22209
23107
1295
16887
23941
606
10072
23408
25584
32351
14388
14456
32186
437
22179
5789
29120
20206
14907
9473
11460
13412
22353
11948
25111
4871
388
18282
11704
23494
18087
22520
10047
15659
4224
29006
4843
8555
10391
31436
16544
29589
23067
27035
5445
6229
21152
14966
22792
29102
2305
17296
28655
29126
21152
12064
2701
23026
17262
6587
29929
15891
30589
25255
5338
19978
9559
5446
21653
15061
10368
12227
1394
16212
27463
15644
14877
359
18566
9911
25873
23858
14326
20077
2623
29823
25277
3995
20764
16037
26557
1377
25644
11142
7656
12545
3673
4641
2703
26421
6437
4257
101
4068
8002
23601
19402
29919
2482
10753
21007
6781
15336
6952
6082
31261
12784
14811
4761
12391
4386
8348
11843
3473
25292
31123
26496
21084
15134
3392
7472
1175
31831
29258
13230
7702
23000
17326
32093
2722
14043
1313
30021
12131
23926
15149
10985
21086
23267
13358
30895
27923
11609
19619
10301
31929
9476
827
26484
6657
30696
25333
8029
19843
32430
6800
12461
32039
15096
11590
28925
16925
9201
27355
10976
7868
31019
13343
10678
11715
8273
21335
8663
1347
11524
10941
32038
513
14987
12651
12345
15461
23616
4681
19595
24789
3135
15736
24429
13371
23200
5522
20959
14482
18891
1532
1042
3848
1828
7207
6572
14433
11073
474
21454
9576
9079
11518
542
10438
3242
11247
13196
19148
25050
22639
4388
6212
16316
3830
28210
24057
23977
24460
13808
20474
26769
9535
3333
1827
25093
26203
4994
31243
15275
499
6523
13102
13843
30094
30342
10749
24978
3735
3236
6647
18017
12870
26625
16685
18704
2191
7918
21007
32423
22628
23537
19388
534
19960
10398
29135
4179
22667
21284
12371
24047
6087
16983
2907
24831
18605
29480
539
6162
32493
5796
7397
15990
32304
9314
27559
17725
27783
25421
7983
3729
30430
13996
11379
25588
27679
14218
258
28728
6375
15712
10567
17393
23329
1789
7230
31350
8056
23452
15333
1406
23040
986
32038
3023
2647
216
3371
23931
3675
21712
154
12748
26360
19073
10236
23850
4404
16530
28666
10593
30607
9914
11484
29086
28635
23341
7976
18617
14540
8480
28424
16710
7596
15798
5673
15430
23890
27814
15976
15837
8739
31321
14227
14851
22370
7849
15112
14729
8318
26828
26852
5986
27793
16658
20250
20634
27159
21120
2995
15471
20432
8301
2074
1604
6458
29505
30783
18601
9832
13191
9275
28412
15713
26690
5898
28277
30466
25038
22997
29289
8572
5036
8211
3121
7143
30739
19866
5253
23856
19448
23187
2317
31695
30488
3365
5800
6359
32068
6984
28676
24107
11088
15557
29306
30510
16637
30610
19853
15397
19580
11108
31887
24107
31298
15201
5523
6884
16201
5232
31856
16426
16071
7601
881
15538
2459
18722
10245
12476
10569
6638
8454
14334
14900
1067
19911
25898
26899
14743
2223
30504
2688
90
18936
29033
30113
27450
29032
4751
13374
9753
30808
12852
10778
15168
2164
10186
293
20581
20603
22644
20290
17706
32454
9859
7478
3265
30730
31220
23339
3037
14275
1232
15442
18604
23653
7040
10614
17803
20962
1150
17702
26926
10201
24545
19881
21924
19045
22811
11748
2650
18705
14060
26557
1815
10407
5187
4896
26756
28685
14641
29641
11969
23502
25165
21195
19071
8480
32088
25898
18515
7095
26826
24274
28033
25855
19506
14441
11825
28100
14289
12614
16025
2169
5650
14205
3711
26010
14470
3422
18267
21449
26356
28218
23961
6054
15539
12522
12361
25451
23894
5717
19627
12544
14636
13248
8231
32642
23843
18449
4216
306
13955
10687
3112
18837
29790
29609
5652
16626
10942
22586
1204
27081
15733
31971
19143
28707
15936
6203
7554
31262
8472
20378
19681
9158
30179
17307
11074
18915
4668
19797
14160
1482
23421
5104
7344
16708
11953
2236
14337
30016
3626
14921
21290
14930
13578
111
5128
29833
6121
5514
23394
20106
31763
31954
3821
2143
21774
12892
27544
7295
7532
27522
24935
1963
4417
27961
5573
30773
11213
17835
3534
4552
14297
15298
6760
26950
9063
32148
8110
11035
14564
8472
1624
20139
2881
10358
4149
19060
12365
12575
14272
21630
29483
24308
2885
14801
31929
11847
22855
3690
1562
25283
12908
1028
22062
1542
20948
23150
13889
7944
28480
31954
186
1422
32160
28259
32639
11534
18370
21234
14798
17264
6682
18355
582
24162
5336
8190
1571
1741
8045
412
18558
29117
25084
7094
7506
6881
18774
30235
1399
30521
6805
29663
31524
11828
31999
10302
18583
29785
17285
9831
23972
5042
18219
910
2653
4984
19230
26902
21146
22144
3612
4514
54
9170
21918
14133
9435
20240
25766
4669
8797
20403
11016
28025
16528
30074
24609
24893
3466
1308
11120
6919
14938
6541
12653
13965
16561
19463
32693
29151
6972
11643
4226
9171
10262
29003
7512
20114
8219
9851
2470
4059
12285
21097
5322
10236
15736
26376
5717
630
22904
30843
32737
25765
21841
30455
7883
32344
4865
23607
31015
8917
919
22675
24398
18092
28987
32360
32235
6507
4835
11400
18172
1765
29411
26772
10805
18481
15945
21839
4333
26263
949
1508
1627
25027
10077
28442
18353
30350
999
4356
28095
15354
19544
29028
2347
13675
11000
11379
22796
21668
13210
7381
3507
5470
8445
27638
11519
25418
15859
26712
13305
27025
20494
3022
18626
29009
13123
6535
16547
16367
7500
16723
21798
29872
11432
4425
32376
7905
291
16388
4576
11167
1471
1984
5065
4479
29081
17794
4202
28389
12644
23104
27326
1305
654
5774
7990
19150
29064
20633
19099
17806
5627
18256
9242
19171
16320
320
19344
14333
27939
27214
29170
27384
1223
30137
30328
28450
26526
2564
25004
6046
24737
6726
2700
10129
29034
2496
25369
7172
4355
1249
3044
27241
12781
32677
25221
23110
25844
31061
292
13293
23574
21450
5191
29287
27106
14222
30460
17487
25224
31924
14981
18037
32767
26815
32140
16899
31538
22685
28444
27668
20301
2813
10694
9739
18882
12542
6277
7057
27790
3575
32009
31265
25289
6231
12402
11967
13134
27817
10499
23348
24377
19864
25945
5306
6635
19798
30289
32207
24769
16291
2843
23887
6188
19194
3463
16090
2960
20600
12590
27327
27212
31698
13955
2627
23945
4717
2517
16271
2173
27789
30704
23722
23079
31872
23073
29618
31070
17151
15714
9602
8809
26763
11146
20324
21218
5067
12174
21516
14403
942
26724
10760
10176
24616
2233
32627
12026
23599
20801
19838
22922
20315
4945
25433
3660
16927
22516
4032
18564
32755
31361
20359
28411
30023
12525
15956
17029
257
5789
21809
19852
29583
20725
22563
3338
15964
20002
23105
32404
24613
16927
11997
3299
13574
15219
16673
337
10883
9170
1315
1894
5963
4762
4358
22625
28734
8171
14434
31046
10124
31222
13866
23668
3666
29435
32163
12528
5265
30408
8219
5786
6600
25543
25242
9277
21605
21470
15548
31356
9571
16754
31112
4604
1020
13742
30096
6936
7351
27820
22905
18604
19628
32517
19975
31024
30260
29773
8816
13033
3697
20101
10113
15334
7931
5112
12618
16244
7325
20363
28464
3282
23271
20779
11107
15618
32060
11583
22922
13599
14395
32243
32179
13375
19135
3888
14985
19180
7192
15365
12815
19521
255
14210
23954
31056
18893
25444
4631
25562
14047
18620
27228
2250
13094
10765
5214
18349
24159
28974
21575
9674
15197
32650
6959
25995
13174
24677
18635
23844
3881
3356
26471
29768
24624
6242
7772
19016
6912
15005
28929
9012
20904
18031
29221
7977
3446
29788
3866
4792
10943
3813
14695
15587
12903
22352
27652
7927
5588
14158
7404
26638
12065
29286
9975
27568
8180
5358
14781
23578
30274
2170
22261
8768
13945
703
10103
10154
22423
13145
16772
28007
17835
9915
30495
21375
4614
32373
24444
26007
26676
26915
14113
11785
28092
9776
26322
8745
25776
32586
3940
4658
15908
29625
8256
7458
30548
18562
31674
5009
17014
5816
14280
24257
688
15953
32635
4150
27619
10469
31319
13928
7664
14537
26504
17010
9501
13603
11792
22921
24578
28092
6
19928
31815
19416
5276
14159
28947
25440
24540
8412
31096
23813
9164
28603
13925
17399
13087
5177
24714
17442
17160
521
28950
122
29473
18027
27479
28940
3806
18047
866
27237
24360
3417
6158
352
7398
980
1864
21744
4984
30892
7826
9377
28614
20802
28471
8568
9670
10301
23637
9106
1257
8962
7867
10794
22267
16782
29978
18491
14249
2973
12295
20993
25514
2830
7978
12299
28069
4093
21827
17187
833
17127
7977
2107
4924
3361
17495
24779
30490
27148
4031
25796
21316
18990
12092
22952
30510
3367
8134
9741
22987
16099
28114
18198
17143
13239
29839
2836
31821
17388
5133
16152
3453
17146
28637
13671
19298
14035
4712
17640
2734
23739
7180
11494
3044
24117
17133
7720
10761
21818
9952
1264
26031
30607
961
12003
23129
13034
26478
12394
7884
9059
697
24197
14825
13312
15790
8545
4103
29338
780
24375
14514
26352
17055
6513
9130
4740
18134
12372
31299
30896
9214
8382
28917
16862
8990
20703
364
5636
7606
26258
11698
21317
4123
7628
31928
17855
12681
15573
6542
5708
3199
5272
17511
28299
3573
5971
30229
5354
14492
17067
14386
31488
23404
11676
11233
25493
8583
28843
1821
7952
4704
4174
12650
18509
156
24110
22789
12790
12073
25601
13508
29326
7747
31769
31225
31344
12
18790
265
11043
17137
9274
4585
1329
420
2587
12890
32566
24731
762
3479
2466
6837
7754
14516
1771
23286
3339
10772
15537
22235
8573
20115
17727
30559
12684
3895
6143
11033
9651
17789
23435
19968
4276
28240
29760
21878
1171
29205
28141
10878
32520
3152
769
4325
21842
9002
26848
1622
8223
30924
21127
30397
7150
30432
10808
1549
1781
314
11135
32093
1631
4256
6758
24111
1439
23452
14044
26295
9017
12972
24800
12597
19251
11588
9170
955
8101
18236
24311
19498
1730
25533
14563
952
23066
16008
5663
30044
4865
32712
21939
546
18559
15128
480
22382
8550
22585
16916
29683
31070
14701
29460
32617
25694
9546
20416
6652
14840
27396
8201
2008
14908
26765
17963
19968
2772
8557
17281
7405
26972
15620
29330
3655
7855
6149
13117
7718
7335
15556
6992
27137
9458
25761
17320
27232
8044
10485
12873
3500
14397
1486
28632
2974
26134
30993
8659
22351
16209
9466
18752
12468
7122
9567
10863
10086
14988
23386
5044
27650
14394
5935
18764
29590
11014
25883
6097
21447
30117
29000
23739
6082
7783
11354
8349
24455
28552
30487
14614
7727
20260
721
10242
21846
11898
27413
24617
20235
13837
27466
4091
25028
21773
1423
6803
1357
15685
13878
15343
4278
31029
11779
27341
31432
105
3672
31914
7461
6038
10621
30409
23190
31393
5679
13050
4042
15189
32207
24274
24928
17174
32534
15757
6995
11685
31490
23841
19860
19946
28829
29436
9101
9777
9453
2739
9639
15336
18281
24113
2081
26249
29882
14693
17270
9957
16194
15906
30368
15423
426
32670
8444
14359
14955
9428
1272
21640
30092
29542
22586
26333
3439
17407
17699
21128
12965
10141
28921
2175
1994
1070
10639
4219
19128
20305
30723
27024
9649
16079
25394
978
6775
20788
1153
32423
15178
9256
24441
10246
21475
3770
4881
24568
25315
31180
28678
21280
32130
4237
30189
29746
11005
8256
818
9416
6195
1836
9054
14645
4762
31110
2524
29073
7686
25777
19754
24128
4728
15994
22818
30151
14058
6438
12771
1889
7237
14044
19416
1215
26028
12594
31746
14589
15595
3000
8574
32102
28845
14305
20039
23759
25486
9704
25858
7061
4277
8634
22628
27657
28764
18724
9246
24765
22525
31009
10888
7392
5033
2563
4233
26461
17179
22034
23956
19191
22791
4715
28802
16598
30020
32333
12404
26264
15688
1601
23263
7257
18734
10756
13185
32667
29889
22035
8381
13275
16343
28945
23778
13311
31961
25979
4154
11535
32507
26218
31149
2426
27970
17957
30857
3740
20677
1423
6077
12939
27813
2218
4543
26843
21939
4447
12703
31924
17754
19840
27823
9335
23837
22396
18410
29450
24297
26518
21643
16261
29252
1845
18022
31835
32360
14432
31283
24265
13687
21428
6496
4558
9461
32513
20750
12020
22592
9307
7288
23894
5607
9857
32235
4732
12449
17585
28215
5686
27006
2625
28523
3791
22052
9768
22717
6469
21353
28759
13287
23771
173
3212
24394
8300
26747
1922
16878
19956
4639
3963
11034
1238
9569
9366
7748
14311
24866
19473
13541
25477
28558
29511
24464
9124
10021
3754
5578
23269
11416
21412
28058
21020
22541
32427
22617
4892
25360
31445
25211
8693
32006
25498
20992
13868
22687
22760
5097
27224
24587
9043
30146
26772
8156
21204
10748
11533
3732
24056
361
22762
7814
14794
11389
25475
28085
24960
23539
26222
6983
30756
17346
11099
787
12073
20250
256
30983
31459
10285
19282
13686
5469
24026
18858
31118
13756
722
27112
20218
11403
7150
25507
13425
5186
19525
9185
21842
19059
26562
19693
9783
11318
22654
22550
17706
5855
14495
10297
30427
21420
524
12140
6012
29841
2465
20110
4213
19439
27753
11257
15776
4527
7044
19782
23323
30685
2184
14414
10451
4121
31715
18808
3326
14266
18639
18941
23895
20459
30054
19633
16084
32642
29525
10121
19235
7786
495
7955
18239
17633
14358
25018
6391
8349
22775
25319
22712
14845
15707
18343
22662
1088
18286
12643
11926
16264
15423
27416
14767
15394
1663
6899
4497
4050
27471
12134
8867
12696
11560
14933
20367
1622
16365
13108
28487
17301
3630
3337
1424
22312
12928
14539
29959
31740
999
27163
21844
8082
23200
4614
8484
3615
28585
3809
11607
22072
7616
28484
8425
19992
21063
1936
11095
4751
6481
27033
25570
26017
20025
9105
19688
25723
28840
31209
28177
26797
30561
10196
1592
625
2460
6153
16120
12029
17178
516
30193
25084
6473
25430
29147
5930
3054
30884
1194
22158
10769
2311
29571
15385
17934
28444
15675
4042
14659
3089
29641
23951
9641
13246
7852
3
8223
31155
943
31864
109
13737
12881
12695
1068
12332
18463
4301
17187
32725
10523
27894
25366
24581
11697
28722
14195
4366
27927
15185
32123
29617
16900
26134
25372
31324
26655
28959
1017
32338
5325
16474
3760
28287
30876
27869
31237
10921
31614
13468
19222
27145
14154
5056
16297
4201
9388
24613
29713
14603
10329
10940
20991
5143
16833
16066
31482
782
10515
23726
19156
26041
4168
4569
24386
8158
29542
28259
18057
27862
10839
28973
7895
2281
15594
19608
13367
16721
1384
3575
29439
6835
3854
14193
3810
27265
3534
32184
4228
31427
26873
3047
5930
26822
20441
2217
11463
28261
22868
28561
23340
20969
26898
15497
6742
23545
25757
21905
29578
10046
7746
8761
5629
19027
21706
29278
9950
25438
27977
29008
3324
17536
3029
27980
25921
24140
7588
17282
15437
10602
17175
29488
10351
19776
17398
2802
14430
30669
32532
9677
28
590
3200
22256
29081
11052
4303
24840
30558
25794
20181
9304
11319
5014
3352
22882
31128
12508
23483
2964
28945
23297
29636
31818
9256
23625
738
27212
19911
31101
15059
5593
5300
23351
10682
14546
12624
14795
31734
10743
26389
25229
26448
30386
16309
21984
16702
6541
5287
8726
8314
25763
10628
23754
31138
10618
22882
3140
32211
22565
13488
19632
22030
23658
21352
291
17275
24059
23356
4579
9966
28754
23688
1440
6272
13988
8177
16019
17083
10326
26321
21753
21905
27812
21919
29286
15113
2272
1529
24912
29816
11400
13622
14483
23054
29656
16587
297
28445
30394
24074
13593
10440
2627
29276
13761
27677
14970
22900
11556
27966
9333
7822
14217
18410
393
7367
5698
25774
5601
14781
27490
13150
2288
30424
3244
14057
20973
23288
9741
16047
11201
22583
13110
29729
26423
32027
11961
18643
19997
11713
4087
27690
2330
10125
25866
20607
4286
22385
30181
24508
930
22581
19664
16684
3183
4484
16264
7136
27877
27613
15860
11184
20946
4119
151
25279
14511
10436
1457
28260
14117
9048
14295
21720
22008
23254
28026
4552
15581
6820
9102
24324
12285
17323
27753
2991
11824
6573
20577
27912
18428
14851
28262
10493
16169
30680
19042
13305
21939
3262
22383
2545
18946
7237
8443
30762
12205
10947
9196
3904
1241
24555
30715
16498
22210
11342
32255
19373
5781
21471
2122
21903
26250
11892
25798
8562
6000
2464
4348
22433
10962
24615
30683
1012
23887
16732
12035
18077
16884
7110
15687
15810
10492
2107
2021
31565
10684
12388
15485
32491
17397
11789
11007
30187
24314
12704
18756
23327
296
18395
20294
11146
6862
27341
5389
14750
3475
20152
16899
5569
725
15609
18896
11290
4319
18783
11750
2705
31483
19617
32185
13151
22442
11524
11982
9313
9321
16194
15945
25853
18582
8820
14577
10503
17758
31620
28229
5814
18652
11476
12364
29807
28716
2939
28664
23022
17713
16018
11464
19178
61
18244
26341
29193
507
10667
14272
26784
9278
12660
3968
30870
5840
25236
5336
8296
20844
20622
19180
3636
14234
13503
16199
4080
4149
11906
4284
25340
12783
3867
1090
14164
5137
15678
23464
18713
18933
10954
21583
15049
13337
10463
30552
21872
2459
30646
29460
24215
11243
4907
10729
22373
29885
18362
9320
31209
1517
17096
14057
17128
14192
24611
16045
979
20157
430
318
14289
6295
4420
14413
3797
32218
17071
17051
28090
28914
28020
12988
11341
6982
26387
25662
19728
30115
22234
21242
19752
15895
4777
26882
20662
5235
22028
26126
28067
16609
12781
28948
11200
31440
15546
1476
18393
13894
23111
11932
21574
5146
1068
945
9360
8354
15029
4369
17474
2304
5920
32432
32518
12593
11347
8909
27871
25127
9560
28547
23471
4674
32078
18962
3441
10513
21321
5798
17196
8572
3697
16115
2617
19845
11807
13774
17707
12299
32341
22151
26423
3092
15085
19716
1763
20622
29743
685
2032
24654
21106
27343
27764
4003
21968
27492
14981
11763
21787
13858
6163
9821
22546
21354
2786
16358
16006
30819
25099
2231
22951
11040
555
6664
16271
2568
17950
10643
16508
22893
12739
6550
1127
24377
29005
14950
23385
25770
3026
23742
29105
29121
575
7046
21644
25737
11322
14043
4293
8314
24525
25757
22441
13829
8352
14392
5000
4574
24995
14847
19172
253
4756
28696
3603
8305
3591
18898
17782
28088
30316
23964
26890
25092
16968
11309
27860
532
17506
8514
9049
27039
25412
22941
1138
1943
7238
4013
32634
16914
20719
19436
10754
16875
32094
28491
104
1339
12277
15928
27656
24267
1845
24341
10673
20117
16285
13269
10905
22647
7808
13771
27572
17921
14761
9218
9594
2984
5118
22464
14022
9816
13999
22057
19581
30879
11559
3459
24657
753
31168
30363
27994
26178
12524
1964
26803
5946
7388
29003
6312
4867
25347
9066
8436
20114
8295
7727
24069
28977
2425
14934
2871
8399
18087
15533
22646
25116
21781
5721
26991
18925
10707
6818
23974
25309
23734
169
9292
22326
16169
21722
31660
3674
669
17693
14376
26516
27317
13022
14248
6921
5196
23414
22178
23076
19992
16429
1301
26044
28785
18384
443
20876
972
1499
14501
10971
13492
16560
6548
24730
19844
19402
6463
11284
3703
22480
16977
3114
14720
14495
29026
782
26081
22059
18378
15786
16390
9999
6923
9853
5095
30051
32003
28371
14234
10079
6613
9249
7538
28023
19257
20761
6174
4994
449
29901
29799
14062
3580
24619
682
4840
28589
3064
30457
1526
4689
21344
29064
29980
11338
26993
7115
23801
1003
2590
1435
9436
17637
25792
15168
17419
27400
6276
14129
9432
15671
2235
26477
30707
16639
27830
19088
29865
15557
28757
10115
24797
31595
31170
22225
28673
29152
19645
18291
28744
12892
2351
6265
1083
2345
1354
638
19580
4022
6207
3074
2492
16608
21933
7413
13949
5311
19771
6173
15002
5458
22799
5532
28495
22952
19290
14944
8879
26629
21877
8056
23038
29585
32267
17187
2563
4577
2233
1160
8637
20944
32472
24095
26955
4462
32605
26507
153
28577
4199
3845
27758
1642
17597
11426
29388
27314
8925
4615
14986
3913
16046
23976
4415
5400
53
26388
4528
26666
31276
11199
20774
22488
21761
27645
3337
31909
23970
32636
17702
7220
26016
7842
18850
18678
20004
25314
9708
177
11449
31355
23761
25637
4729
2173
27514
26115
31439
18767
10269
24934
13927
17247
20918
18156
26060
30640
6256
8005
8385
9149
372
3649
8246
23522
2173
29767
11679
31201
26678
22072
10400
23329
11563
8431
27236
28215
259
7258
31466
30027
22787
1923
24246
18289
30372
22302
6773
16916
27420
12788
24343
7502
12781
29728
7100
32757
25258
21543
6463
14406
14878
13934
4089
110
1912
5357
12611
25504
24486
14007
30663
21427
12487
4820
25606
28616
28614
20291
23398
11144
6730
16687
11000
16973
1998
14279
13013
320
15817
13048
414
500
24326
16057
1072
16163
18418
1207
16563
17855
16274
23406
16287
7815
25065
14286
25251
26047
2935
1106
30708
24412
24892
32107
19559
21290
17385
7570
4794
14361
16151
20520
12624
14722
15735
32124
2951
30516
13230
17026
697
2341
4005
29541
4184
14457
13129
18011
11790
14658
24781
1658
21243
3681
8283
27207
7773
14468
16305
16776
9329
14715
22540
9594
15936
11162
25452
3086
5772
24313
20133
32153
4195
2712
16203
11695
3173
32147
31228
27291
17281
5616
2751
20262
29265
32589
18398
31371
31495
25707
28557
25583
8040
5994
2590
25701
26552
7268
17539
7503
1132
10065
27072
24750
7155
12595
13614
10053
28562
8342
9433
32127
23479
8059
1882
21255
7908
12730
32159
8055
6096
8307
6092
5882
13402
8451
6774
28654
19151
31361
2514
1669
19330
7648
6963
24732
17500
10307
30259
12631
29120
15440
18417
27950
13754
28333
29090
31010
23194
2175
28672
13264
31624
18484
31463
32632
25202
27010
1400
11092
24612
14722
8936
21316
15786
6520
22242
15520
25376
330
20183
10599
23613
22096
27768
31911
32274
1173
7989
31335
17450
32470
28332
3675
9452
23239
30179
18882
3654
24560
23361
10740
1982
31006
20413
23429
5676
19535
3300
866
24407
7338
32753
32235
30287
365
29248
25714
20570
26739
32680
15701
19122
12123
22468
20553
4195
11325
10572
3842
10491
16433
30024
28618
28762
671
22268
30117
373
26104
22950
17034
15462
253
13854
5858
6840
28406
896
5042
14759
19104
31626
31516
18246
2017
441
25911
13163
4280
18305
11566
31011
1754
2964
31525
32150
9632
32484
30175
14759
9547
6864
10796
31446
16071
16364
22057
16648
4917
7467
4852
29336
4257
24929
23404
23050
29890
3881
30692
18822
22168
20459
3764
7985
2663
16335
19709
7141
30606
11808
1386
19180
26840
32626
20408
1802
20838
15783
30424
7499
25311
29096
5736
14369
7916
28150
24042
19882
13012
16034
20133
29855
5073
19407
20098
5379
18535
10491
9456
9804
28671
27600
18187
22149
763
26801
28136
14596
31533
7538
25052
27982
22988
6071
18898
19349
31053
30818
15059
20537
8627
3328
8032
12751
26015
28915
14815
31697
5389
19218
24818
25261
3877
1336
23890
2872
24830
1524
11516
31012
20664
5270
9047
238
13729
5436
26302
7181
29201
23752
7820
21144
18062
23217
23601
15778
689
28224
22429
18825
28695
20758
16252
12085
28639
24208
1960
30901
26381
20121
17421
22228
10329
11202
10987
29387
5618
1440
5733
6473
15675
10603
23269
16411
313
1571
4785
32561
10307
3911
14221
15333
25468
12774
16260
5954
7958
2401
32211
22359
21471
3029
30068
12357
19937
6062
23591
19003
7199
26348
22720
25604
30373
1992
10238
26961
1973
7296
25564
21509
20906
4149
19581
17386
596
31259
23277
19853
9484
28256
3365
11000
8331
20714
26320
8639
11540
7045
4449
10102
25043
12971
20333
8495
14876
19191
17698
6489
27004
2978
24809
3741
6999
19164
22611
27919
16685
5589
3042
27193
26695
24255
29452
26528
25271
3893
15720
20892
13646
23880
20953
18614
32111
15833
16149
8470
23261
3525
10633
1480
18471
12029
10714
13
5115
28340
13030
18568
8883
14168
15243
26612
559
11298
11141
25697
18425
31629
7881
28126
20877
18523
31648
1585
16883
28521
6431
24418
17710
30619
7705
17872
4037
1882
21725
7161
21543
7486
9025
10462
14393
28380
21316
25112
27319
25478
6651
30164
29452
15974
19550
22708
21328
21872
19302
22992
10477
15829
18455
7281
31158
17747
31582
29
18757
7686
24911
21719
18625
6557
13063
23235
4737
8540
18713
26255
24187
6246
30164
29873
19794
1840
8361
32356
13678
28946
2503
13230
6013
21532
20424
7436
11258
26256
9775
8876
28924
23336
15880
16313
18601
2860
13640
13001
150
21935
6229
7375
8085
18929
6653
26684
1322
20896
9053
27610
21816
11496
21469
2241
32350
31272
32459
25840
7346
2430
27678
30971
24120
27379
13472
7571
24878
22564
31723
11556
16996
622
23995
19391
16672
15425
32292
3059
7910
18078
30039
27605
17057
10385
7011
7623
11678
11978
28609
8331
11867
413
12820
27522
26570
15786
11898
9478
932
19169
6703
20578
30905
28556
28788
7433
25540
6065
1345
9506
5036
13271
11004
10190
3446
3404
7374
30091
19477
7395
18401
15179
506
1604
9330
32510
31570
32457
24915
17252
4447
15501
30146
14427
648
26440
29840
30709
13719
207
15190
11982
4013
21675
21083
3463
18209
3887
31164
21918
20395
10131
24381
18478
25744
1076
13275
17489
19470
25239
21464
12432
3357
10556
17026
2896
261
14348
27079
19882
531
26485
26693
10698
14382
9391
1506
5771
18618
22488
310
11246
14860
9398
22419
7436
17205
5327
25747
12040
24737
12310
14722
12144
14788
20170
27179
21707
2981
12997
31634
31869
6585
3231
20053
29027
17698
29390
21123
21787
9043
27170
10518
14717
404
18488
10834
5280
16682
25436
19123
22835
20463
32595
18615
14248
19365
975
15165
22101
7682
19812
11186
31133
21394
27893
32747
22707
7553
21015
8900
4733
28137
31661
24570
23573
8572
8240
22404
20583
19422
10877
9252
30662
15198
23685
24925
17881
18199
375
1528
4150
8791
10454
12920
8856
28266
13374
427
18630
26367
16937
12527
20160
17478
3064
468
17091
20905
1404
15910
25415
5522
22305
24651
32547
1397
32580
7053
30997
29556
4853
23225
31353
29871
18378
23812
27648
7147
6832
23548
8660
4303
12094
25151
23392
20369
26796
16770
4249
28954
837
19084
3128
24962
25385
23547
25383
28318
6191
22872
23920
3178
20070
12366
32372
20534
12077
28028
7912
28227
3535
20155
10711
8201
30768
29948
31865
7293
1827
13415
3111
29768
28215
12361
16047
31963
20188
32156
24336
25407
6033
30287
27471
21946
25390
2997
27793
19577
25594
30457
6050
19701
9334
30604
15130
164
24177
2281
6365
31064
14392
2228
11392
13921
29616
29623
9105
20968
885
19500
5175
27382
6723
20913
5480
1912
6617
12024
18221
5834
27767
8006
22610
9362
5628
1908
8257
23823
16057
16308
29169
18450
17166
4636
15474
10591
23245
4519
15534
28060
30271
24899
21457
4535
15167
18997
2584
23483
30916
19781
14517
14907
19736
7502
7310
30904
21100
2459
25563
26873
21020
29409
23039
18231
8470
26651
29674
21995
30843
7006
25840
6873
29920
25404
18686
29871
23976
26279
14454
5719
30113
30827
3510
23314
12181
10138
13557
30237
9777
3842
1205
21290
6656
20012
29782
23832
7899
29707
12053
16436
15520
31864
1561
6101
20658
8666
18373
4039
30476
28288
22963
7532
23262
25781
22934
16300
1859
1279
15762
23605
24631
30283
25753
13466
9880
30441
25271
13981
16995
12220
13742
4196
13076
2230
4050
19901
20902
10246
31223
4242
7158
31411
10512
922
4428
21464
12960
22141
19735
31552
32460
13337
6837
8228
30129
22266
22021
8325
20388
18145
8427
20948
23934
13217
12199
16513
3665
4750
26599
19400
25960
13682
10956
29394
2559
3407
29675
9524
7747
2812
24116
237
32767
896
31475
15304
4310
10057
20023
8681
1951
1801
5555
15964
20621
31924
16677
499
18060
16243
18753
27392
30388
32377
567
5387
18621
14027
239
26832
31380
22971
16024
3289
7390
30680
18321
17097
29732
12301
17748
11941
9461
8299
2496
19082
31608
24092
19860
29569
23060
7616
21800
28056
16810
12641
452
12660
31919
8776
21085
30956
6416
17786
32673
16821
11827
25372
3764
7025
15475
24791
31350
151
30535
5842
22739
20325
12917
25572
13386
2941
5353
8777
6594
25376
30891
32648
27881
31245
9102
4638
8160
23323
1600
2648
22541
32555
6424
14443
5954
9100
26576
22724
1684
2220
3856
13345
11852
16886
12205
14899
17728
16658
24697
24839
17574
18190
11168
21704
15443
4104
13813
16160
29167
20288
17710
3841
14147
15182
11655
12092
22077
32526
7267
28682
31545
12904
30410
29252
3825
13642
16759
4670
59
31997
2166
9499
28183
27245
30331
24293
17616
20763
8226
18483
18702
22135
27796
12901
17858
30454
26575
4619
15845
10879
13709
1321
27628
5420
17152
4209
7293
8576
31386
19811
24423
5364
16619
16903
32090
32122
11783
32223
24138
28448
23722
24076
8521
24315
22182
26687
20243
11206
1316
22740
31720
417
19388
19982
17578
5797
19703
6462
31182
4987
4723
2573
7758
13775
19738
13687
29240
3353
12728
22578
4843
18611
14415
8732
365
27441
31768
20730
5478
3911
22699
3513
2922
11901
25594
31863
17625
11168
17111
20627
7665
32692
20707
10849
1641
2405
30100
2686
30838
19938
25548
15966
16211
9546
19328
2889
13746
25676
23557
572
27677
12904
9618
23180
29009
12369
24295
17581
32289
31416
6824
14685
13340
18876
239
8484
6421
20732
30385
2273
2674
6816
14525
22262
24714
10279
26372
23425
7993
11388
19279
21006
27064
26669
2564
23633
8080
26217
5864
31925
6266
15716
7311
20126
7210
22865
9078
13569
2554
22645
9155
4829
18552
26721
24346
31584
9578
7479
13171
7948
32321
12020
29199
27164
12161
500
25818
29766
29494
12398
24072
5254
8456
28137
10566
22684
3134
23670
4989
20024
28306
3942
16641
27181
1075
22937
3622
10166
27918
28170
12310
14076
9503
19422
6329
27993
17766
22271
22746
5779
11486
30351
23842
2366
28437
32020
21021
11850
9455
7169
19243
16672
27598
18288
21481
17320
28881
1096
28253
16816
26219
11369
17768
31913
31675
28602
28318
3654
25863
25996
1546
17842
28542
23484
21450
4165
24334
13301
27312
28200
22837
19376
16888
8899
25522
32494
5008
3914
7447
3799
29213
8864
1691
31357
23491
12532
6762
21944
20865
17171
16392
32392
14196
32093
6284
16005
13041
18563
16618
2401
29885
25105
2313
19477
8242
20849
31483
18379
5926
27854
7843
7111
21910
8090
2731
6873
21584
260
28300
997
19656
10311
6842
32704
23266
26657
32394
18445
400
16658
19327
16000
30031
28836
23843
28703
13240
12351
20779
31412
24252
18341
31362
6940
32720
2325
5201
5790
10926
12550
15826
17744
12477
32245
1295
17401
15201
235
29521
29906
26016
10214
18444
14105
1360
30638
3495
8592
6743
26451
16509
30920
25710
5167
22965
13894
24432
1535
17597
4015
27833
3492
21611
25099
6348
21992
11009
3390
10293
3449
13983
13097
3536
30570
6815
4523
5881
4070
4062
24624
14115
10346
29757
10201
28815
23295
16308
3470
8868
949
12246
21901
23404
14653
11959
19667
23964
25397
31220
12571
2754
2600
7729
20987
29800
13516
1413
866
21561
5062
25575
31695
6814
18487
22850
12661
14340
23752
4072
31373
28450
20301
8570
31296
12120
29352
13399
5519
7401
10629
9028
926
13935
3639
28484
13718
13714
19040
4560
3985
7983
4969
29945
25522
30168
23281
16789
29315
10446
9005
14245
23332
22959
8135
28446
17747
10521
31588
15289
17380
21304
19254
8166
23991
20912
10131
25605
21523
26250
2858
12081
2092
7609
11444
9678
17629
10645
17541
12423
5578
9414
24782
18504
11979
27064
32111
10162
21829
26292
3960
16151
8554
22955
4894
13316
17311
7715
25639
29400
28508
10357
15761
20804
7455
31406
28437
1964
1581
5070
29152
27218
24167
4809
28613
5095
27427
6997
8774
32273
18546
995
31745
25072
31905
24401
781
1295
17890
10042
31015
17914
29485
11440
846
5173
27810
16412
8961
20765
29921
4417
24857
21039
27050
15238
10857
5537
18670
13801
7382
28817
24995
23022
15847
22379
2515
11934
21396
27775
19704
27163
26654
12104
27572
19094
27565
29781
7903
29586
7786
25347
6468
1401
27628
1462
12099
3798
13646
17438
17752
16973
4826
29588
14975
17851
10061
28218
25350
28065
11267
11422
29823
3198
20216
8634
881
17987
8550
19732
13809
10087
12542
15685
13633
23531
25293
15643
1113
16692
32262
279
23092
13353
19651
20388
30187
28740
19608
18502
18170
1271
18939
18427
28387
6097
22908
878
1878
24148
9668
6884
8703
12758
11120
31044
31939
17112
19118
16596
15926
31299
28260
6693
12737
13690
6559
19428
1972
31480
22421
17165
25673
9048
5169
24874
22959
6097
26226
8432
11331
4204
27389
24933
2293
18929
3740
26481
28675
9486
3473
29627
10913
26390
6770
27082
5592
13867
29038
3885
227
24227
30473
16684
29528
21018
19839
28396
5325
25916
6703
16240
32160
26458
26593
15368
2778
13939
1453
32486
26979
15314
13365
17437
10418
26225
11347
13975
12437
24574
30314
22544
8356
16680
31176
2594
31561
13250
23629
29405
16280
12983
11145
1569
5162
32172
27156
28043
24094
19953
24902
23033
9318
28206
20626
21921
2424
569
4259
25553
23707
1639
29859
19967
24132
2153
30666
3021
24186
16882
6862
5647
3201
7981
2536
1214
12856
19777
2604
5717
18042
11395
1644
15985
7107
19969
30961
16391
13028
22038
32753
26659
29431
28988
15163
27089
26154
30307
14476
17610
18216
28977
508
31054
13980
30451
1682
10361
30753
29327
18530
15591
12408
29535
6516
23344
32734
6686
17707
14609
15885
29554
31156
21736
6155
7814
7555
22724
26779
14979
13318
19507
31652
8404
26134
26947
32524
16283
12174
26875
1742
5163
25189
1067
22338
26067
20489
18789
23257
12439
11774
14984
3878
24716
25105
3725
31883
12125
13845
29818
12095
8374
11732
4085
18703
20138
22048
6865
19607
2356
2192
28945
13904
2289
13595
9964
1815
6698
23831
27186
11786
15167
20975
16327
30962
1747
9981
1844
8619
229
31550
18832
16749
12550
15722
13115
3808
22589
26265
2343
15003
24439
15242
9724
28151
15319
27946
15182
14516
30675
31533
4985
10022
26311
27508
15972
27461
8564
27834
17851
19392
28297
15508
27575
2614
5851
20595
19343
26760
2114
24576
16830
30639
16660
20415
14725
5017
18913
32587
25327
32737
23021
31101
14459
25129
10227
27763
8158
24127
14483
30955
14836
31148
18382
29291
27562
4334
18281
24955
1101
6847
3898
1835
19300
26161
29030
9661
15015
29212
25440
29072
25969
204
32501
11216
10474
26129
14033
30326
1666
96
21575
11249
31924
21545
28362
14790
19415
18350
3906
30418
6492
13817
16546
6708
32429
12828
2184
25114
15404
8081
7449
7255
24105
9106
27571
28246
30177
15779
17252
31663
30900
18873
19078
22106
25507
16017
28632
330
25379
13454
1312
12604
8009
10025
5108
16837
15344
25200
21894
29034
1753
18929
15553
31615
2578
17995
16253
1314
12984
973
10363
17041
26553
26835
15527
21242
21747
27822
24746
3880
18339
21700
22261
11954
25644
13684
1186
30894
8264
30491
13302
3688
3392
10351
22251
13001
22914
8151
8876
27026
15206
24931
30982
20410
271
10916
15622
29179
28727
21568
2075
30610
25514
20984
18435
6752
22244
12579
9072
22514
30131
26771
25191
6502
6826
17771
14489
8026
31619
12480
14479
27734
21155
4629
20513
28392
243
9256
6941
22216
4241
25164
16776
30240
21885
17045
4761
15085
17816
20377
3445
7455
9215
405
8056
20129
19879
21048
4547
27326
1563
11370
10328
21164
17966
5240
31345
17064
30001
15492
11804
26703
17570
9096
25958
15360
20109
19563
17913
4374
27086
30497
14097
30954
3674
29487
19495
19842
22278
5002
32375
27972
11037
20819
18827
32041
21407
2682
712
20434
11549
27382
32558
21157
4356
29841
12204
796
24638
24553
24521
24791
3108
12566
28003
14280
31790
26607
20892
12613
20692
18022
6817
30408
2545
29590
14210
4763
9673
26578
26122
25341
1360
28724
10113
13896
27564
7621
6306
26300
24194
29141
5015
31605
26929
23642
16082
2782
5477
21220
6562
31181
9282
18213
8665
32172
17568
10341
14101
31908
8414
29941
17085
16493
4369
5737
27814
20850
16073
9878
1974
6825
32490
26629
24325
5527
7297
3091
27731
4811
8527
30802
32448
15832
30849
875
1576
27192
8988
23384
4238
10197
28092
2680
9313
13868
12980
28107
24199
15226
32035
14805
7675
3560
6574
19212
12808
30241
8014
4757
14243
413
18453
2209
22340
23983
19513
23848
11909
27803
31134
5159
18556
27920
1061
19767
2105
1633
27435
12477
28785
19489
13606
8966
32019
4636
9201
29783
19766
18209
32356
3756
6963
23885
2121
18028
67
21472
21839
2714
8909
4487
4230
5154
8371
8776
16913
15813
9019
19608
17628
4659
5907
1300
11758
14235
26574
14722
10006
22585
12398
19812
14720
13411
4543
19379
32739
23973
15017
23536
9725
9104
4384
145
20360
2900
29802
32454
14781
22985
22183
11506
26922
32012
31882
6792
3088
3188
24236
11824
3335
27258
18973
21162
24055
9300
10974
4834
4583
4870
10119
16987
10849
5755
2328
19122
9461
1978
30565
13840
5117
2896
22939
11360
1514
30625
11625
9732
30745
24639
28850
21757
30269
25487
29444
16900
21900
11419
13870
13666
31530
14837
12267
15196
22206
6698
359
13657
8997
7762
25841
22085
2523
16547
13200
9
9693
8303
9889
20999
7475
12010
9477
13795
540
12657
19028
4865
30025
13650
25693
27207
4147
24913
24561
3815
704
26348
18713
16496
19456
21381
27013
19186
32377
31505
25357
2618
13698
8055
25035
11186
22286
12728
41
10542
13759
14822
28978
16779
16194
18413
14600
49
13131
23961
4778
6725
42
1687
25968
20520
5719
30339
18432
9312
28343
22090
25379
25098
21130
13104
23341
4427
7101
20371
32755
29545
10937
5943
22062
12785
8385
14543
21156
24842
1306
13472
14250
13036
30082
19447
6875
28599
6617
13307
16649
23457
502
4785
30273
19755
27953
29454
19197
145
20012
32320
26865
32052
2760
7560
32066
5515
1778
13198
23303
30065
31691
9393
11553
4810
11977
13386
14228
4634
15010
12896
28198
11027
14087
22513
25832
3674
2227
25020
16274
18593
30388
25998
9106
32546
18466
29772
27376
22220
18204
18400
28593
8296
25628
10985
21201
25249
22100
28729
2118
21854
23651
4084
32063
31664
7133
858
10047
15062
25474
2635
31183
14620
11834
12860
14056
26924
26352
21257
14596
28568
4163
30952
780
25598
4629
18114
6518
18482
4976
21022
3140
32113
10147
484
30674
20396
28200
20759
121
11687
24473
27246
6661
1455
20853
8096
5531
4627
15679
13151
29107
20454
9214
7379
10049
19221
1148
14626
14509
4373
16822
12904
27473
12793
5537
16265
23864
13205
6548
30765
2764
8263
20014
31318
28821
25788
7913
32025
18912
13000
10200
4305
12498
25750
32620
20979
21680
7395
6870
32707
32038
9975
30758
23307
21277
16953
28729
32608
11413
14264
12915
30798
5597
12039
11461
26081
16952
16775
20454
10401
12343
16873
19508
9179
14626
10040
31325
10978
31345
27411
26465
12108
19654
10128
14568
9589
19306
22355
26167
32386
13113
14102
20919
27536
6046
15288
22788
26355
11305
2529
17202
13609
14693
14969
9121
31420
30641
15462
6154
31973
29545
9491
10100
1942
19773
14702
16843
10289
31494
26481
24353
15832
29147
8961
19883
22485
11917
30127
32385
1435
23778
12925
24508
3132
30836
15460
673
29618
29539
12267
8893
20001
5937
27832
17395
15622
30385
31875
8114
8530
13350
21883
23037
17954
7205
26239
15078
472
12885
12251
1089
27197
30454
12520
6962
17493
378
3602
32181
18447
32263
22411
9315
12819
21215
29558
28838
25573
30952
5413
20209
28986
22658
1335
13266
28564
9702
17941
13208
4069
23373
27269
2094
15881
2569
9957
13150
11
4456
27360
17469
24003
25921
20813
17327
17968
15914
21910
17325
16253
1513
24007
29184
4786
424
5262
13751
20664
4616
28008
7002
28218
19970
14967
8369
25759
17007
25290
23428
1293
24474
18394
5057
9356
14103
1773
28330
14025
1450
7391
15675
8550
433
12827
14174
10215
26728
16240
11804
23272
2842
9856
29098
5707
26726
10755
1711
28336
12269
6779
23489
31201
22137
26117
10655
10203
23230
19166
29695
18390
2131
15852
1835
21282
14875
31440
6609
7085
7440
12590
27283
2439
8114
2602
29866
27879
172
20749
32056
11942
16456
2555
31684
23703
23717
2163
26052
20198
6308
30010
2226
14980
30270
12277
7647
16018
8019
7980
22569
4377
17801
31303
30278
3250
13404
9294
17997
16646
8871
14130
28432
23539
19651
26881
2078
17597
7988
20736
30940
2207
12977
10140
15936
10098
25014
18890
10467
7378
23424
22906
5262
10597
19146
14411
32751
21099
14555
29938
24310
7546
4220
1965
14122
336
25164
3779
23569
11330
19338
1130
27123
12111
14316
1395
30351
25541
16713
24677
17507
7355
31662
31429
22857
30341
27828
17809
22662
26247
18638
2121
9740
7434
16832
30436
5792
12675
27628
30700
480
23588
481
1857
212
1407
30546
24462
9132
13293
18989
9342
31381
2097
2624
10473
31457
4849
21863
13239
31918
15184
21739
26453
9852
19499
16256
2606
30470
31868
20980
11038
25555
26687
16283
128
7444
24903
14535
20514
2676
29556
5309
23413
5856
27858
11592
8358
17567
30095
22178
17606
16858
5670
21510
8891
26939
31400
25969
6778
7409
26081
24022
11504
28996
272
3460
4092
12458
6096
8250
3803
6250
1550
16920
26763
15650
18197
27282
16699
